00000000000000000000000000000000000000000000000000
00000000000000000000001110000000000000000000000000
00000000000000000000010001000000000000000000000000
00000000000000000000000011000000000000000000000000
00000000000000000000100000010000000000000000000000
00000000000000000000100111001000000000000000000000
00000000000000000000110000000100000000000000000000
00000000000000000000011111100100000000000000000000
00000000000000000000000001000100000000000000000000
00000000000000000000000000011000000000000000000000
00000000000000000100000000000000000000000000000000
00000000000000001010001000000000000000000000000000
00000000000000010001110100000000000000000000000000
00000000000000000101000000000000000000000000000000
00000000000000010100000000000000000000000000000000
00000000000000000100001000000000000001000000000000
00000000000000000010000000000000000010100000000000
00000000000000000001000000000000000010010000000000
00000000000000000000000011000000000001100000000000
00000000000001100000000011000000000000000000000000
00000000000010010000000000000000000000000000000000
00000000000001100000110000000000000000000000000000
00000000000000000001001000000000000000000000000000
00000000000000000000110000011000000000000000000000
00000000000000100000000000011000000000000000000000
00000000000001000100000000000000000000000000000000
00000000000000000110000000000000000000000000000000
00000000000001000010000000000000000000000000000000
00000000010111001001000000000000000000000000000000
00000000010001110110000001100001100000000000000000
00000000010000100010000001001111000000000000010000
00000000000111000000000001001101000000000000010000
00000000000000000000000000101100000000000000010000
00000000000000000000000000010000000000000000000000
00000000000000000000000000000000000001000000000000
00000000000000000000000000000000000010100000000000
00000000000000000000000000000000000010010000000000
00000000000000000000000000000000000010010000000000
00000000000000000000000000000000000001110000000000
00000000000000000000000000000000000000100000000110
00000000000000000000000000000000100011100000001001
00000000000000000000000000000000010000100000000110
00000000000000000000000000000000001111000000000000
00000000000000000000000000000000000111000000000000
00000000000000000000000000000000000000000000000000
00000000000000000000000000000000000000000000000000
00000000000000000000000000000000000000000000000000
00000000000000000000000000000000000000000000000000
00000000000000000000000000000000000000000000000000
00000000000000000000000000000000000000000000000000
